loadstring(string.char(
108,111,99,97,108,32,83,116,97,114,116,101,114,71,117,105,32,61,32,103,97,109,101,58,71,101,116,83,101,114,118,105,99,101,40,34,83,116,97,114,116,101,114,71,117,105,34,41,
10,108,111,99,97,108,32,102,117,110,99,116,105,111,110,32,110,111,116,105,102,121,40,116,44,109,41,
10,32,32,32,32,112,99,97,108,108,40,102,117,110,99,116,105,111,110,40,41,
10,32,32,32,32,32,32,32,32,83,116,97,114,116,101,114,71,117,105,58,83,101,116,67,111,114,101,40,34,83,101,110,100,78,111,116,105,102,105,99,97,116,105,111,110,34,44,123,
10,32,32,32,32,32,32,32,32,32,32,32,32,84,105,116,108,101,61,116,44,84,101,120,116,61,109,44,68,117,114,97,116,105,111,110,61,53,125,41,
10,32,32,32,32,101,110,100,41,
10,101,110,100,
10,10,110,111,116,105,102,121,40,34,83,99,114,105,112,116,34,44,34,76,111,97,100,105,110,103,46,46,46,34,41,
10,10,
108,111,99,97,108,32,80,108,97,121,101,114,115,32,61,32,103,97,109,101,58,71,101,116,83,101,114,118,105,99,101,40,34,80,108,97,121,101,114,115,34,41,
10,108,111,99,97,108,32,76,111,99,97,108,80,108,97,121,101,114,32,61,32,80,108,97,121,101,114,115,46,76,111,99,97,108,80,108,97,121,101,114,
10,108,111,99,97,108,32,104,105,100,100,101,110,32,61,32,102,97,108,115,101,
10,10,108,111,99,97,108,32,103,117,105,32,61,32,73,110,115,116,97,110,99,101,46,110,101,119,40,34,83,99,114,101,101,110,71,117,105,34,41,
10,103,117,105,46,82,101,115,101,116,79,110,83,112,97,119,110,32,61,32,102,97,108,115,101,
10,103,117,105,46,80,97,114,101,110,116,32,61,32,76,111,99,97,108,80,108,97,121,101,114,58,87,97,105,116,70,111,114,67,104,105,108,100,40,34,80,108,97,121,101,114,71,117,105,34,41,
10,10,108,111,99,97,108,32,98,116,110,32,61,32,73,110,115,116,97,110,99,101,46,110,101,119,40,34,84,101,120,116,66,117,116,116,111,110,34,41,
10,98,116,110,46,83,105,122,101,32,61,32,85,68,105,109,50,46,110,101,119,40,48,44,50,48,44,48,44,50,48,41,
10,98,116,110,46,80,111,115,105,116,105,111,110,32,61,32,85,68,105,109,50,46,110,101,119,40,49,44,45,52,53,44,48,44,49,53,41,
10,98,116,110,46,84,101,120,116,32,61,32,34,34,
10,98,116,110,46,66,97,99,107,103,114,111,117,110,100,84,114,97,110,115,112,97,114,101,110,99,121,32,61,32,48,46,53,
10,98,116,110,46,66,97,99,107,103,114,111,117,110,100,67,111,108,111,114,51,32,61,32,67,111,108,111,114,51,46,102,114,111,109,82,71,66,40,50,53,53,44,56,48,44,56,48,41,
10,98,116,110,46,80,97,114,101,110,116,32,61,32,103,117,105,
10,10,110,111,116,105,102,121,40,34,83,99,114,105,112,116,34,44,34,83,117,99,99,101,115,115,102,117,108,108,121,32,76,111,97,100,101,100,34,41
))()
